
 

iteration:
 9

topic: 100

accuracy:
 [0.2663204747774481, 0.3004451038575668, 0.34322453016815035, 0.3840257171117705, 0.4342235410484669, 0.48516320474777447, 0.5437685459940653, 0.6048466864490604, 0.6552917903066271, 0.6988130563798219]

true_positive:
 [640, 627, 608, 581, 536, 480, 425, 359, 289, 238]

false_positive:
 [2926, 2775, 2583, 2391, 2143, 1881, 1589, 1276, 1002, 775]

true_negative:
 [437, 588, 780, 972, 1220, 1482, 1774, 2087, 2361, 2588]

false_negative:
 [41, 54, 73, 100, 145, 201, 256, 322, 392, 443]

f1-score:
 [0.30138921591711804, 0.3071271124173402, 0.3140495867768595, 0.3180947166712291, 0.3190476190476191, 0.3155818540433925, 0.31539888682745826, 0.31001727115716754, 0.2931034482758621, 0.2809917355371901]
