iteration:
 9

topic: 100

accuracy:
 [0.13367421475529584, 0.1775018261504748, 0.24397370343316288, 0.3330898466033601, 0.4178232286340394, 0.49306062819576335, 0.5880204528853178, 0.6815193571950329, 0.745799853907962, 0.799853907962016]

true_positive:
 [87, 85, 84, 81, 77, 72, 71, 62, 48, 40]

false_positive:
 [96, 158, 250, 375, 495, 603, 734, 871, 973, 1055]

true_negative:
 [1183, 1121, 1029, 904, 784, 676, 545, 408, 306, 224]

false_negative:
 [3, 5, 6, 9, 13, 18, 19, 28, 42, 50]

f1-score:
 [0.12794117647058825, 0.13117283950617284, 0.1396508728179551, 0.15069767441860465, 0.1619348054679285, 0.17183770883054894, 0.20113314447592068, 0.22142857142857145, 0.21621621621621623, 0.22598870056497178]
iteration:
 9

topic: 150

accuracy:
 [0.15631848064280496, 0.21183345507669832, 0.2892622352081812, 0.34550766983199416, 0.40759678597516436, 0.49233016800584367, 0.5763330898466034, 0.6705624543462382, 0.745799853907962, 0.7962016070124178]

true_positive:
 [87, 86, 80, 73, 73, 67, 64, 50, 43, 32]

false_positive:
 [127, 204, 316, 400, 485, 607, 725, 868, 978, 1058]

true_negative:
 [1152, 1075, 963, 879, 794, 672, 554, 411, 301, 221]

false_negative:
 [3, 4, 10, 17, 17, 23, 26, 40, 47, 58]

f1-score:
 [0.1309255079006772, 0.1374900079936051, 0.14121800529567521, 0.1401151631477927, 0.15256008359456635, 0.16164053075995177, 0.1807909604519774, 0.18148820326678766, 0.19815668202764974, 0.1865889212827988]
