iteration:
 9

topic: 150

accuracy:
 [0.18645731108930325, 0.25515210991167814, 0.34838076545632973, 0.42983316977428854, 0.5368007850834151, 0.6457311089303238, 0.7242394504416094, 0.7733071638861629, 0.8105986261040236, 0.8410206084396468]

true_positive:
 [82, 79, 77, 72, 64, 58, 51, 44, 36, 29]

false_positive:
 [108, 181, 278, 366, 483, 600, 687, 744, 790, 828]

true_negative:
 [828, 755, 658, 570, 453, 336, 249, 192, 146, 108]

false_negative:
 [1, 4, 6, 11, 19, 25, 32, 39, 47, 54]

f1-score:
 [0.16515609264853978, 0.1723009814612868, 0.1882640586797066, 0.1986206896551724, 0.21333333333333335, 0.2431865828092243, 0.26631853785900783, 0.27586206896551724, 0.27169811320754716, 0.2636363636363636]
iteration:
 9

topic: 100

accuracy:
 [0.5318940137389597, 0.6241413150147204, 0.6967615309126595, 0.7497546614327772, 0.7978410206084396, 0.8321884200196271, 0.858684985279686, 0.8753680078508341, 0.8969578017664377, 0.9106967615309126]

true_positive:
 [63, 57, 51, 47, 39, 33, 24, 18, 16, 15]

false_positive:
 [479, 579, 659, 717, 774, 815, 851, 874, 898, 913]

true_negative:
 [457, 357, 277, 219, 162, 121, 85, 62, 38, 23]

false_negative:
 [20, 26, 32, 36, 44, 50, 59, 65, 67, 68]

f1-score:
 [0.208955223880597, 0.2293762575452716, 0.24817518248175183, 0.2693409742120344, 0.2746478873239437, 0.27848101265822783, 0.25, 0.22085889570552147, 0.23357664233576642, 0.24793388429752067]
