iteration:
 9

topic: 100

accuracy:
 [0.34626865671641793, 0.3880597014925373, 0.42686567164179107, 0.4626865671641791, 0.5313432835820896, 0.5701492537313433, 0.5970149253731343, 0.6268656716417911, 0.6835820895522388, 0.7044776119402985]

true_positive:
 [74, 71, 68, 64, 60, 55, 49, 46, 40, 33]

false_positive:
 [42, 59, 75, 91, 118, 136, 151, 164, 189, 203]

true_negative:
 [212, 195, 179, 163, 136, 118, 103, 90, 65, 51]

false_negative:
 [7, 10, 13, 17, 21, 26, 32, 35, 41, 48]

f1-score:
 [0.40326975476839233, 0.4092219020172911, 0.41463414634146345, 0.41558441558441567, 0.43321299638989175, 0.4330708661417323, 0.4206008583690987, 0.423963133640553, 0.43010752688172044, 0.39999999999999997]
iteration:
 9

topic: 150

accuracy:
 [0.25970149253731345, 0.28059701492537314, 0.31044776119402984, 0.33432835820895523, 0.3880597014925373, 0.42686567164179107, 0.4925373134328358, 0.5432835820895522, 0.5850746268656717, 0.6119402985074627]

true_positive:
 [81, 80, 79, 76, 72, 66, 61, 56, 52, 44]

false_positive:
 [6, 14, 25, 36, 58, 77, 104, 126, 144, 161]

true_negative:
 [248, 240, 229, 218, 196, 177, 150, 128, 110, 93]

false_negative:
 [0, 1, 2, 5, 9, 15, 20, 25, 29, 37]

f1-score:
 [0.39512195121951216, 0.39900249376558605, 0.40616966580976865, 0.4053333333333333, 0.4126074498567336, 0.4074074074074074, 0.4178082191780822, 0.4226415094339623, 0.4279835390946502, 0.40366972477064217]
