iteration:
 9

topic: 100

accuracy:
 [0.5396923076923077, 0.6184615384615385, 0.6984615384615385, 0.7556923076923077, 0.8036923076923077, 0.8338461538461538, 0.8670769230769231, 0.8867692307692308, 0.9046153846153846, 0.9138461538461539]

true_positive:
 [83, 76, 69, 62, 52, 40, 34, 25, 20, 14]

false_positive:
 [734, 599, 462, 362, 274, 213, 153, 112, 78, 57]

true_negative:
 [794, 929, 1066, 1166, 1254, 1315, 1375, 1416, 1450, 1471]

false_negative:
 [14, 21, 28, 35, 45, 57, 63, 72, 77, 83]

f1-score:
 [0.18161925601750548, 0.19689119170984457, 0.21974522292993628, 0.23800383877159306, 0.24586288416075652, 0.2285714285714286, 0.2394366197183099, 0.21367521367521367, 0.20512820512820512, 0.16666666666666666]
