iteration:
 9

topic: 20

accuracy:
 [0.6143283582089553, 0.6411940298507462, 0.6704477611940298, 0.6940298507462687, 0.7092537313432836, 0.7185074626865672, 0.7244776119402985, 0.7313432835820896, 0.7349253731343284, 0.7367164179104477]

true_positive:
 [123, 117, 109, 105, 101, 99, 98, 97, 97, 97]

false_positive:
 [1935, 2031, 2137, 2220, 2275, 2308, 2329, 2353, 2365, 2371]

true_negative:
 [1225, 1129, 1023, 940, 885, 852, 831, 807, 795, 789]

false_negative:
 [67, 73, 81, 85, 89, 91, 92, 93, 93, 93]

f1-score:
 [0.1599479843953186, 0.1629526462395543, 0.1649016641452345, 0.1700404858299595, 0.17176870748299317, 0.17353198948290974, 0.17515638963360142, 0.1773308957952468, 0.17929759704251386, 0.18029739776951673]
