iteration:
 9

topic: 100

accuracy:
 [0.17283582089552238, 0.2247761194029851, 0.28507462686567164, 0.357910447761194, 0.4253731343283582, 0.49074626865671644, 0.5632835820895522, 0.6116417910447761, 0.6608955223880597, 0.7008955223880597]

true_positive:
 [181, 178, 172, 167, 155, 152, 142, 131, 123, 114]

false_positive:
 [2762, 2585, 2377, 2128, 1890, 1668, 1415, 1242, 1069, 926]

true_negative:
 [398, 575, 783, 1032, 1270, 1492, 1745, 1918, 2091, 2234]

false_negative:
 [9, 12, 18, 23, 35, 38, 48, 59, 67, 76]

f1-score:
 [0.11554420683051389, 0.1205553674229597, 0.12559328221978824, 0.13440643863179075, 0.13870246085011187, 0.15124378109452732, 0.16256439610761303, 0.1676263595649392, 0.1780028943560058, 0.18536585365853658]
