
topics:
150

accuracy:
 [0.4358108108108108, 0.48986486486486486, 0.5777027027027027, 0.6385135135135135, 0.6621621621621622, 0.6858108108108109, 0.7195945945945946, 0.7297297297297297, 0.7263513513513513, 0.7263513513513513]

true_positive:
 [54, 45, 35, 30, 23, 18, 13, 9, 4, 3]

false_positive:
 [75, 100, 136, 159, 173, 185, 200, 207, 211, 212]

true_negative:
 [139, 114, 78, 55, 41, 29, 14, 7, 3, 2]

false_negative:
 [28, 37, 47, 52, 59, 64, 69, 73, 78, 79]

f1-score:
 [0.3927272727272727, 0.37344398340248963, 0.3589743589743589, 0.3592814371257485, 0.31506849315068497, 0.2790697674418605, 0.23853211009174316, 0.1836734693877551, 0.0898876404494382, 0.06896551724137931]
 

 	

topic: 100

accuracy:
 [0.5371621621621622, 0.581081081081081, 0.6385135135135135, 0.6554054054054054, 0.6722972972972973, 0.6993243243243243, 0.706081081081081, 0.706081081081081, 0.722972972972973]

true_positive:
 [54, 44, 31, 24, 21, 18, 12, 9, 8]

false_positive:
 [105, 128, 158, 170, 178, 189, 197, 200, 206]

true_negative:
 [109, 86, 56, 44, 36, 25, 17, 14, 8]

false_negative:
 [28, 38, 51, 58, 61, 64, 70, 73, 74]

f1-score:
 [0.44081632653061226, 0.4150943396226416, 0.36686390532544383, 0.32, 0.3021582733812949, 0.288, 0.2162162162162162, 0.17142857142857143, 0.163265306122449]
